0.595
0.9675
0.395
0.81
0.335
0.82125
0.285
0.82
0.245
0.8125
0.19125
0.795
0.15
0.7675
0.11875
0.71625
0.10875
0.675
0.1175
0.6325
0.1425
0.60375
0.20875
0.59
0.26375
0.59625
0.2475
0.55
0.2375
0.51375
0.24125
0.47375
0.26
0.41875
0.28875
0.37375
0.32875
0.3375
0.3625
0.32125
0.39625
0.30875
0.42875
0.29375
0.43
0.2375
0.40625
0.2
0.3575
0.18125
0.33125
0.145
0.33
0.12
0.34125
0.09625
0.38875
0.095
0.435
0.09875
0.49
0.0925
0.51625
0.0675
0.58125
0.05625
0.6375
0.06
0.71375
0.06875
0.78125
0.07875
0.8175
0.09875
0.8825
0.13125
0.9175
0.2225
0.935
0.29625
0.9175
0.3775
0.86625
0.3875
0.8975
0.4775
0.8875
0.52625
0.8725
0.5875
0.84125
0.63375
0.8
0.66125
0.75125
0.695
0.6775
0.70125
0.61
0.695
0.5625
0.6775
0.5175
0.665
0.47375
0.645
0.43625
0.69125
0.4325
0.7225
0.5225
0.7925
0.65
0.875
0.67125
0.91875
0.65375
0.95625
0.62375
0.97125